00
00
00
00
00
00
00
00
00
00
00
00
00
00
00
00
00
00
80
E0
F0
FC
FE
FF
FF
F8
C0
00
00
00
00
00
00
00
00
00
00
00
00
00
00
00
00
00
00
00
00
00
00
00
00
00
00
00
00
00
00
00
00
80
80
80
80
00
00
00
00
00
00
00
00
00
00
00
00
00
00
00
80
80
80
80
80
80
00
00
00
00
00
00
00
00
00
00
00
00
00
00
00
00
00
00
00
00
00
00
00
00
80
80
80
80
00
00
00
00
00
00
00
00
00
00
00
00
00
00
00
00
00
00
00
00
00
6
F
1F
7F
FF
FF
FF
FF
FE
FE
BE
3C
3F
7F
FF
87
C7
FF
7F
7F
7F
F8
F8
F8
F8
F8
F0
F0
F0
E0
E0
60
00
E0
F0
F0
F0
70
70
70
70
F0
F0
F0
E0
00
E0
F0
F0
F0
70
70
70
60
FF
FF
FF
FF
00
E0
F0
F0
F0
70
70
70
70
F0
F0
F0
E0
00
FF
FF
FF
FF
73
73
73
00
F0
F0
F0
F0
E0
E0
F0
F0
F0
00
F0
F0
F0
F0
00
00
00
00
F0
F0
F0
F0
00
F3
F3
F3
F3
00
FC
FC
FC
FC
70
70
70
00
00
00
00
00
00
00
00
00
00
00
00
00
00
00
00
00
80
F1
F9
FF
FF
FF
FF
E7
E3
F3
FF
FF
E3
C6
FE
FE
FE
FF
EF
0F
0F
07
07
03
01
01
00
00
00
F9
FD
FD
FD
8C
8C
8C
8C
FF
FF
FF
FF
00
FF
FF
FF
FF
80
80
80
80
FF
FF
FF
FF
00
F9
FD
FD
FD
8C
8C
8C
8C
FF
FF
FF
FF
00
FF
FF
FF
FF
00
00
00
00
FF
FF
FF
FF
1
00
00
00
00
00
FF
FF
FF
FF
80
80
80
80
FF
FF
FF
FF
00
FF
FF
FF
FF
00
FF
FF
FF
FF
80
80
80
00
00
00
00
00
00
00
00
00
00
00
00
00
00
00
00
1C
1F
1F
0F
0F
0F
07
07
07
03
01
01
07
0F
1F
1F
3F
7F
FF
FF
7F
00
00
00
00
00
00
00
00
00
F9
FB
FB
FB
FB
FB
F9
F9
FB
FB
FB
FB
F8
F9
FB
FB
FB
FB
FB
FB
F9
F9
FB
FB
FB
F8
F9
FB
FB
FB
FB
FB
F9
F9
FB
FB
FB
FB
08
FB
0B
DB
BB
08
F8
08
E8
EB
1B
FB
0B
F8
F8
08
F8
D8
A8
A9
6B
FB
EB
0B
EB
F9
09
AB
AB
5B
FB
08
FB
0B
AB
AB
F8
D9
AB
AB
6B
FB
FB
FB
00
00
00
00
00
00
00
00
22
00
FF
21
00
00
7F
00
00
00
00
00
00
00
00
00
00
00
00
00
00
00
00
00
00
00
00
00
00
00
00
00
00
00
00
00
00
00
00
00
00
00
00
00
00
00
00
00
00
00
00
00
00
00
00
00
00
00
00
00
00
00
00
00
00
00
00
00
00
00
00
00
00
00
00
00
00
00
00
00
00
00
00
00
00
00
00
00
00
00
00
00
00
00
00
00
00
00
00
00
00
00
00
00
00
00
00
00
00
00
00
00
00
00
00
00
00
00
00
00
00
00
00
00
00
00
00
00
00
00
00
00
00
00
00
00
00
00
00
00
00
00
00
00
00
04
00
00
00
00
00
00
00
00
00
00
00
00
00
00
00
00
00
00
00
00
00
00
00
00
00
00
00
00
00
00
00
00
00
00
00
00
00
00
00
00
00
00
00
00
00
00
00
00
00
00
00
00
00
00
00
00
00
00
00
00
00
00
00
00
00
00
00
00
00
00
00
00
00
00
00
00
00
00
00
00
00
00
00
00
00
00
00
00
00
00
00
00
00
00
00
00
00
00
00
00
00
00
00
00
00
00
00
00
00
00
00
00
00
00
00
00
00
00
00
00
00
00
00
00
00
00
00
00
00
00
00
00
00
00
00
00
00
00
00
00
00
00
00
00
00
00
00
00
00
00
00
00
00
00
00
00
00
00
00
00
00
00
00
00
00
00
00
00
00
00
00
00
00
00
00
00
00
00
00
00
00
00
00
00
00
00
00
00
00
00
00
00
00
00
00
00
00
00
00
00
00
00
00
00
00
00
00
00
00
00
00
00
00
00
00
00
00
00
00
00
00
00
00
00
00
00
00
00
00
00
00
00
00
00
00
00
00
00
00
00
00
00
00
00
00
00
00
00
00
00
00
00
00
00
00
00
00
00
00
00
00
00
00
00
00
00
00
00
00
00
00
00
00
00
00
00
00
00
00
00
00
00
00
00
00
00
00
00
00
00
00
00
00
00
00
00
00
00
00
00
00
00
00
00
00
00
00
00
00
00
00
00
00
00
00
00
00
00
00
00
00
00
00
00
00
00
00
00
00
00
00
00
00
00
00
00
00
00
00
00
00
00
00
00
00
00
00
00
00
00
00
00
00
00
00
00
00
00
00
00
00
00
00
00
00
00